K: [1370.06053, 0.0, 822.85784699999999, 0.0, 1369.248681, 639.54887799999995, 0.0,
  0.0, 1.0]
M: [1.0, 0.0, 0.0, 0.0, 0.0, 1.0, 0.0, 0.0, 0.0, 0.0, 1.0, 0.0, 0.0, 0.0, 0.0, 1.0]
dist: [-0.19045899999999999, 0.16489899999999999, 0.001402, -0.00084900000000000004,
  0.0]
height: 1200
name: ''
rect: [0.0, 0.0, 0.0, 0.0, 0.0, 0.0, 0.0, 0.0, 0.0]
width: 1600
