K: [1102.2860000000001, 0.0, 319.67200000000003, 0.0, 1102.884, 254.25399999999999,
  0.0, 0.0, 1.0]
M: [1.0, 0.0, 0.0, 0.0, 0.0, 1.0, 0.0, 0.0, 0.0, 0.0, 1.0, 0.0, 0.0, 0.0, 0.0, 1.0]
dist: [-0.49299999999999999, 0.38900000000000001, -0.0028400000000000001, -0.00263]
height: 480
name: dragonfly_HERB1
rect: [0.0, 0.0, 0.0, 0.0, 0.0, 0.0, 0.0, 0.0, 0.0]
width: 640
