K: [883.65186042642949, 0.0, 313.38160984474973, 0.0, 881.30995737776709, 273.74551224176554,
  0.0, 0.0, 1.0]
M: [1.0, 0.0, 0.0, 0.0, 0.0, 1.0, 0.0, 0.0, 0.0, 0.0, 1.0, 0.0, 0.0, 0.0, 0.0, 1.0]
dist: [-0.18987237680098026, 0.22249800681761067, 0.0006431408107145382, -0.0010181707333650936,
  0.0]
height: 480
name: ''
rect: [0.0, 0.0, 0.0, 0.0, 0.0, 0.0, 0.0, 0.0, 0.0]
width: 640
