K: [570.34222412109375, 0.0, 319.0, 0.0, 570.34222412109375, 239.0, 0.0, 0.0, 1.0]
M: [1.0, 0.0, 0.0, 0.0, 0.0, 1.0, 0.0, 0.0, 0.0, 0.0, 1.0, 0.0, 0.0, 0.0, 0.0, 1.0]
dist: [0.0, 0.0, 0.0, 0.0]
height: 480
name: primesense
rect: [0.0, 0.0, 0.0, 0.0, 0.0, 0.0, 0.0, 0.0, 0.0]
width: 640
